5
1
2
37 19 6 1 0 -1
39 19 2 1 0 3
haar_x3
-3.259209e-004 0 -1
8.181819e-001 -4.029853e-001 
1
2
38 18 9 4 0 -1
41 18 3 4 0 3
haar_x3
8.181175e-004 0 -1
-9.501773e-002 6.753030e-001 
1
2
26 18 9 5 0 -1
29 18 3 5 0 3
haar_x3
-3.602295e-003 0 -1
7.765169e-001 -4.980690e-001 
1
2
39 18 6 2 0 -1
41 18 2 2 0 3
haar_x3
-2.225152e-003 0 -1
1.000000e+000 1.890687e-002 
1
2
33 17 9 5 0 -1
36 17 3 5 0 3
haar_x3
-8.766426e-004 0 -1
6.673164e-001 -5.821870e-001 
-7.890314e-001

4
-1
