5
1
2
25 18 12 5 0 -1
29 18 4 5 0 3
haar_x3
-4.744466e-003 0 -1
8.153847e-001 -3.925928e-001 
1
2
39 20 3 1 0 -1
40 20 1 1 0 3
haar_x3
2.152908e-004 0 -1
-2.732556e-001 8.852764e-001 
1
3
19 19 2 14 0 -1
19 19 1 7 0 2
20 26 1 7 0 2
haar_x2_y2
5.388792e-004 0 -1
-3.158751e-001 9.228454e-001 
1
2
39 18 8 2 0 -1
39 18 4 2 0 2
haar_x2
-3.038548e-005 0 -1
-1.959211e-001 4.455100e-001 
1
2
37 13 5 12 0 -1
37 17 5 4 0 3
haar_y3
-3.154134e-003 0 -1
4.578173e-001 -7.991859e-001 
-7.198274e-001

2
-1
