5
1
2
19 19 18 11 0 -1
25 19 6 11 0 3
haar_x3
-7.986689e-003 0 -1
8.205129e-001 -5.245904e-001 
1
2
52 14 9 12 0 -1
55 14 3 12 0 3
haar_x3
4.071362e-005 0 -1
3.383510e-001 -5.225626e-001 
1
2
19 13 9 13 0 -1
22 13 3 13 0 3
haar_x3
-4.153821e-003 0 -1
8.119499e-001 -5.120395e-001 
1
2
32 20 27 4 0 -1
41 20 9 4 0 3
haar_x3
-4.658868e-003 0 -1
4.539485e-001 -2.523100e-001 
1
2
21 20 27 4 0 -1
30 20 9 4 0 3
haar_x3
-3.015686e-003 0 -1
6.845109e-001 -7.392914e-001 
-3.658910e-001

0
-1
