5
1
2
19 1 42 16 0 -1
19 9 42 8 0 2
haar_y2
-5.304329e-002 0 -1
4.218751e-001 -7.500004e-001 
1
2
36 16 10 12 0 -1
36 22 10 6 0 2
haar_y2
1.203650e-002 0 -1
2.781805e-001 -4.821808e-001 
1
2
25 25 6 12 0 -1
25 31 6 6 0 2
haar_y2
1.651472e-003 0 -1
-6.008202e-001 5.433199e-001 
1
3
47 13 2 2 0 -1
48 13 1 1 0 2
47 14 1 1 0 2
haar_x2_y2
7.572790e-005 0 -1
-1.250105e-001 6.249567e-001 
1
3
30 13 6 2 0 -1
30 13 3 1 0 2
33 14 3 1 0 2
haar_x2_y2
3.703859e-004 0 -1
-4.219882e-001 8.774194e-001 
-1.080592e+000

3
-1
