5
1
2
1 7 12 13 0 -1
7 7 6 13 0 2
haar_x2
-6.474463e-004 0 -1
-6.000001e-001 8.117651e-001 
1
2
73 31 2 9 0 -1
73 34 2 3 0 3
haar_y3
2.434523e-003 0 -1
1.911389e-001 -8.602397e-001 
1
2
4 36 6 4 0 -1
4 38 6 2 0 2
haar_y2
-1.841776e-004 0 -1
-6.900829e-001 7.954573e-001 
1
2
69 9 11 27 0 -1
69 18 11 9 0 3
haar_y3
-4.624575e-002 0 -1
-8.151492e-001 1.724116e-002 
1
2
21 9 24 6 0 -1
29 9 8 6 0 3
haar_x3
-4.001399e-003 0 -1
-7.976273e-001 6.094689e-001 
-4.722340e-001

6
-1
