5
1
2
1 13 18 6 0 -1
10 13 9 6 0 2
haar_x2
-3.358091e-003 0 -1
-6.458334e-001 5.961542e-001 
1
3
49 21 26 8 0 -1
62 21 13 4 0 2
49 25 13 4 0 2
haar_x2_y2
-1.666064e-003 0 -1
-4.571290e-001 1.573785e-001 
1
3
5 21 26 8 0 -1
5 21 13 4 0 2
18 25 13 4 0 2
haar_x2_y2
6.062914e-003 0 -1
-4.625122e-001 8.767633e-001 
1
2
65 36 7 4 0 -1
65 38 7 2 0 2
haar_y2
7.684156e-004 0 -1
2.782559e-001 -5.327092e-001 
1
3
13 16 36 12 0 -1
13 16 18 6 0 2
31 22 18 6 0 2
haar_x2_y2
2.835958e-002 0 -1
4.283825e-001 -9.813331e-001 
-4.278138e-001

5
-1
